085210290072
087887500397
085771031525
082257325057
083832077351
085604958538
085210867451
081460223416
081217911859
081239634377
083178544814
081232750741
08127587879
085211800104
088232468009
085353351109
081330738457
085715037463
082377225563
082274296236
0881036219154
081993925295
083877765752
081460223416
081993925295
083848545183
088214545209
088225876715
082276385077
08111491409
0895321946950
08979444895
08563155087
089526086298
081330738457
087887500397
082229973792
089689444644
082174242468
085693030652
087716595841
085717089939
085723433979
0881011585105
082168620548
081410216993
085126016504
08122908317
085836207559
0881036219154
085853410673
081216901822
087702840108
085211414266
085876805674
083157601292
082333076007
081322438503
083852157054
085262299237
087845121493
082227664612
081329358624
087814985999
08815125233
082329368310
08563155087
081233021195
089526086298
082229973792
089507296985
082191633212
081221082661
082323499734
081281122738
089526086298
082341966355
081328851819
081375187043
081214437107
088214545209
081336134365
08995919669
085213609070
085876805674
08121615206
082229973792
085784422398
082231837381
081216901822
081410216993
087702840108
085218843366
087886861780
082262634698
082285509244
085210290072
082136601026
087716595841
08127587879
085213217934
081936963942
082329368310
088973289645
08132088997
081336134365
089507296985
081250583330
085784422398
081367013877
082223006353
082231837381
082313572678
082313403208
082191633212
081330738457
081221082661
081385653426
087814985999
081263888782
082338461756
082136601026
081994711312
085854670621
081265166997
081336134365
089526086298
081936963942
083157601292
085876805674
0812 3137 6272
083114071400
081326401977
081389452446
085930969467
081334629424
082140996182
082276385077
083131828053
082329368310
082250816670
082276296232
083841157429
081221082661
082338461756
0812 3137 6272
082123525631
085270098671
085224407761
085876805674
081558997420
08373441132
088212698834
081262189242
01125425441
085231681470
085219216210
089507296985
082136689169
081511075588
085708886729
081358966958
081250778629
081214437107
081370749717
081360344004
081375187043
082175294978
08882007567991
0882006893855
085711801834
085707294844
0895321946950
087845121493
082341966355
081221082661
081313798020
08121615206
081333696941
083862064348
085360659292
082315970799
085218843366
085225394209
082162692660
085775226485
081293748890
085853184473
089630988421
085704298149
082114524511
089526086298
085797990284
085704321004
081313798020
085211846757
081263530021
082285509244
085733147773
089526086298
081229080317
